[[0.31455448 0.         0.         ... 0.         0.3511693  0.3342763 ]
 [0.30998647 0.273382   0.         ... 0.13692379 0.         0.        ]
 [0.23981616 0.20596258 0.         ... 0.13911472 0.19060229 0.        ]
 ...
 [0.16116834 0.3221216  0.13617945 ... 0.         0.         0.13425186]
 [1.         0.         0.         ... 0.         0.         0.        ]
 [0.09530363 0.08351555 0.09979277 ... 0.11383045 0.11740437 0.11693776]]
[[[0.27082613 0.26772466 0.46144924 ... 0.         0.         0.        ]
  [0.         0.         0.         ... 0.         0.         0.        ]
  [0.         0.         0.         ... 0.         0.         0.        ]
  ...
  [0.         0.         0.         ... 0.         0.         0.        ]
  [0.11903372 0.20178437 0.17370667 ... 0.         0.         0.        ]
  [0.28169963 0.18072473 0.53757566 ... 0.         0.         0.        ]]

 [[1.         0.         0.         ... 0.         0.         0.        ]
  [1.         0.         0.         ... 0.         0.         0.        ]
  [0.         0.         0.         ... 0.         0.         0.        ]
  ...
  [1.         0.         0.         ... 0.         0.         0.        ]
  [0.         0.         0.         ... 0.         0.         0.        ]
  [0.         0.         0.         ... 0.         0.         0.        ]]

 [[0.5607078  0.43929216 0.         ... 0.         0.         0.        ]
  [0.13397823 0.16544536 0.14330639 ... 0.         0.         0.        ]
  [0.         0.         0.         ... 0.         0.         0.        ]
  ...
  [0.09072426 0.08690082 0.08912492 ... 0.         0.         0.        ]
  [1.         0.         0.         ... 0.         0.         0.        ]
  [0.         0.         0.         ... 0.         0.         0.        ]]

 ...

 [[0.09342956 0.07709295 0.0755064  ... 0.         0.         0.        ]
  [0.50597346 0.4940265  0.         ... 0.         0.         0.        ]
  [1.         0.         0.         ... 0.         0.         0.        ]
  ...
  [0.         0.         0.         ... 0.         0.         0.        ]
  [0.         0.         0.         ... 0.         0.         0.        ]
  [0.16787414 0.24796963 0.162147   ... 0.         0.         0.        ]]

 [[1.         0.         0.         ... 0.         0.         0.        ]
  [0.         0.         0.         ... 0.         0.         0.        ]
  [0.         0.         0.         ... 0.         0.         0.        ]
  ...
  [0.         0.         0.         ... 0.         0.         0.        ]
  [0.         0.         0.         ... 0.         0.         0.        ]
  [0.         0.         0.         ... 0.         0.         0.        ]]

 [[0.10274651 0.05458025 0.04240212 ... 0.         0.         0.        ]
  [0.3606007  0.20060359 0.18797213 ... 0.         0.         0.        ]
  [0.03572307 0.03616583 0.03784487 ... 0.         0.         0.        ]
  ...
  [0.02480721 0.02133145 0.0226806  ... 0.         0.         0.        ]
  [0.05845163 0.05368377 0.04909747 ... 0.         0.         0.        ]
  [0.07655478 0.09755516 0.06442256 ... 0.         0.         0.        ]]]
